1.329873055127685777e-01 -1.165382333960653383e-01 5.200056736013956848e-02 9.416359751333278072e-02 3.404628360447877616e-02 -1.467404832046799168e-01 -4.937451489169503160e-02 1.812024380485786901e-02 1.071305725708434492e-02 -1.129522654933646508e-01 -1.120287398533995338e-01 7.688070580270092713e-02 -1.387816937127837325e-01 1.619499551679181304e-01 -1.491550447266646595e-01 1.884699746883331667e-02 -1.074518869103961022e-01 1.069345626163722800e-02 -9.771764549026748514e-02 -1.247930679664510378e-01 1.023979151670276339e-01 -1.173932434055028617e-01 1.240756770306965934e-01 -1.502556397663682916e-02 -9.284391072480528695e-02 -8.648741031559127601e-02 1.089206489509414039e-01 -1.351656108511341096e-02 -1.737192192844737304e-01 -8.515860006113885883e-02 -1.171580212671632648e-01 -1.107010958328889655e-01 -1.306485905303286510e-01 -5.194248293385463761e-02 1.072229894634686431e-01 -4.269551903155269224e-03 8.134064577969017662e-02 -8.646007473815560396e-03 1.304912778771028792e-01 -1.705072048645110971e-01 1.611136244804141360e-02 -1.049404083839603347e-01 9.966036319877151495e-02 -1.751281828588486522e-01 -1.213865179616017420e-01 1.661792118393883577e-01 9.560572233918621099e-02 -7.641508416065442280e-04 -1.251944660935623010e-01 -2.621336342187682855e-02 -1.786659162213261737e-02 1.764971598921524776e-01 1.162303611829159228e-01 -9.411299971486905558e-02 -1.093846479981010200e-01 4.999850101059326833e-03 -7.959308573569696954e-02 8.378597348947563334e-03 2.031399217785108662e-03 -1.413316953841577128e-01 8.112629169575323596e-02 -8.672826530433615233e-02 -6.736831985495086560e-04 1.716902084643235626e-01 -1.211182462813815697e-01 1.337470645471287578e-01 1.235357235255219455e-01 -6.429495966468569586e-03 1.329458808863429736e-02 5.085641887075732087e-02 -8.876651634605321750e-02 -1.252041652442290876e-01 2.293692586733618241e-02 -7.898279505029972072e-03 -1.236094137022663991e-01 -1.260482042303719130e-01 -5.625377982808158622e-02 1.346717015001941131e-01 2.592658723633079962e-02 -1.397478353858185585e-01 1.159051795424292375e-01 -4.687849221147240980e-02 2.110801561090441727e-03 -5.761648297770081972e-02 8.347589502229549319e-02 1.023157649650692363e-01 8.643370165816990913e-02 1.204307659092903465e-01 -5.170052294226737399e-02 1.282063919085354442e-01 2.066383057716029148e-01 5.556730455621683787e-03 -9.954045594138269393e-02 9.371229245366496929e-02 1.181643297658477726e-01 1.346205359405244495e-01 8.780813345100955958e-02 -9.573760425125424356e-02 -1.196895832293403822e-01 8.280713401349019953e-02 7.512915169663329784e-02 -1.266917552309446970e-01 -1.395787803521850723e-01 -1.676266374978943249e-02 2.844408473870937699e-05 1.326746707465164821e-01 1.342191299748715649e-01 1.066733432206042748e-01 -6.494399928878155648e-02 1.422316020763811639e-01 1.210335289939543785e-01 -1.124391814881418317e-01 -1.833643566648322232e-01 -1.005332239194853539e-01 -1.128498626984918290e-01 1.736653440835508322e-01 -1.111390520191375547e-01 -1.169376188133737227e-01 -8.964457809574222225e-03 -8.243541628000596033e-02 -1.431182085005038018e-01 1.211160319346695768e-01 -7.353766562300492748e-02 1.014030206158638911e-02 -1.519572216341127935e-01 -1.538083803384815151e-01 -1.119167361727171628e-01 9.075261417485533388e-02
-1.165382333960653383e-01 1.489809712698756117e-01 -4.366561386670522044e-02 -8.945322156056630114e-02 -1.211668498644818265e-02 1.582798266650774777e-01 7.637368522974732898e-02 -4.837217132644695133e-02 -1.280865857585516097e-02 1.083484897311856460e-01 1.238986481695977387e-01 -9.219144873902988813e-02 1.478578834513328832e-01 -1.570309264053139919e-01 1.486255415206471087e-01 2.704190129611881970e-03 8.977301583474105173e-02 -3.180350305228660246e-02 1.279919187050175822e-01 1.376504401647418718e-01 -9.683005585493467682e-02 1.398133083393913734e-01 -1.343770993226126587e-01 1.962978049218109394e-02 1.035338750958276072e-01 7.546557013819091275e-02 -1.291857258456227953e-01 2.503207225210186959e-02 1.653254481386780272e-01 1.104975439426065104e-01 1.134384154725242011e-01 1.081415027564133768e-01 1.424574394224882301e-01 4.593828082725959217e-02 -1.046703933922229074e-01 6.598603300363741452e-03 -1.023684027508954403e-01 -2.242789769984035540e-03 -1.459420474663211398e-01 1.619106312005548221e-01 -3.185613995918170488e-02 1.238392092907015379e-01 -9.678057874958628792e-02 1.665568135892824819e-01 1.220101381597817336e-01 -1.617676922126739525e-01 -8.817917960874878391e-02 -2.234801608009651217e-04 1.355278405821314647e-01 4.490567781286885357e-02 5.115903429572945561e-03 -1.724119209747918269e-01 -1.231280127555756249e-01 9.116948590021219101e-02 1.186276765309265541e-01 2.087690184209925470e-02 1.016271944414190304e-01 2.831464535733100359e-03 -3.760260138338711224e-03 1.575440444445068700e-01 -9.568886119881762908e-02 1.140608050345603142e-01 -3.055240638035313164e-02 -1.657285476166577842e-01 1.271325048307846428e-01 -1.264194059233556267e-01 -1.152043455206383377e-01 -1.841659280760246306e-02 -5.979178656097912901e-03 -7.017477662247179060e-02 1.087905376621366715e-01 1.195685389717184577e-01 6.439473211930753574e-04 -1.586540920309243916e-02 1.318863024242190596e-01 1.395160386362203631e-01 4.796726257914471492e-02 -1.328791693932502571e-01 -1.815492986559937710e-02 1.506098738788337332e-01 -1.107848292270185719e-01 8.429181908785843280e-02 1.832636449868673204e-02 5.187143612434833018e-02 -1.064174284236008988e-01 -1.031488255968700668e-01 -1.114342268821346127e-01 -1.056852947114910179e-01 4.832348548375676317e-02 -1.271461763713292170e-01 -2.153853746237853195e-01 2.228558350902508280e-03 8.867939399561941549e-02 -1.059266773018603114e-01 -1.102259839806254832e-01 -1.270364508386531976e-01 -7.788207876409340702e-02 7.696828326888317806e-02 1.436764375823827156e-01 -7.222403665774190795e-02 -7.212722138503548097e-02 1.195746080831806696e-01 1.382866084607878299e-01 1.328726967096366569e-02 -2.143233188506204166e-03 -1.254585300765192479e-01 -1.328336516855330440e-01 -1.050376897813416893e-01 7.985536048281181853e-02 -1.333058838627195208e-01 -1.469955360106328379e-01 1.384804357074370385e-01 1.869081361232457217e-01 1.089473461229523155e-01 1.368966576254325718e-01 -1.686069907073045049e-01 1.215963349197747151e-01 1.176000993816413848e-01 -8.086043563514838314e-03 7.743207512667482639e-02 1.383890624135482028e-01 -1.293981412294238909e-01 6.514554406320545443e-02 -5.877152766759160575e-03 1.623793569894681488e-01 1.699406523464661867e-01 1.012359799509991443e-01 -8.514197482186355859e-02
5.200056736013956848e-02 -4.366561386670522044e-02 4.671600715095665379e-02 4.314345413821128045e-02 -2.395204918054024464e-03 -4.486036343426691442e-02 -2.661004073759478533e-02 8.737265477770643496e-03 1.216951777250286845e-02 -4.657592289120297130e-02 -5.415447312300716159e-02 4.001468216399706873e-02 -4.238278721285543282e-02 8.260482784122641364e-02 -5.699491284005860775e-02 -1.615001613480622489e-02 -5.433926362324690423e-02 1.431267060291378096e-02 -5.632195564555973061e-02 -3.502367109498005088e-02 4.715895139270691316e-02 -4.887627439877634261e-02 6.140906153475070295e-02 -1.214078187014062081e-02 -2.399070185696037041e-02 -5.169528148937245493e-02 4.398768920482854644e-02 -3.270365505515489962e-02 -8.730683598052611794e-02 -4.912431421798834491e-02 -4.173869646223288266e-02 -2.772021644023525341e-02 -3.792178671454218830e-02 -4.657914949964835766e-02 4.277415537531659151e-02 1.048723090682751082e-02 3.485506312354640091e-02 -2.469369241491274625e-02 7.299574271860602426e-02 -8.609989668642779870e-02 8.867443609794979295e-03 -4.366787796381180892e-02 3.962689561523246445e-02 -8.883080260260751981e-02 -3.914504490654695246e-02 8.280411468946284603e-02 4.547340956426886016e-02 -2.084949253969219356e-03 -3.721839000936802422e-02 -6.928463219541872685e-03 -1.910352021136015044e-02 8.791377975435750447e-02 4.625872027488277943e-02 -4.655814207868485405e-02 -6.083384419692332290e-02 -2.113449893631204508e-03 -3.198588974818680070e-02 1.167838960525345061e-02 -8.357451337756940588e-03 -7.661460108794275470e-02 3.958239949998149793e-02 -4.281843341251707208e-02 -4.212869054954478196e-04 8.588062932574284936e-02 -3.675561421287257269e-02 3.512173043513938664e-02 2.965291160707481458e-02 2.104202437844777257e-02 -3.753925938074782753e-03 1.652574428062179510e-02 -3.553066490247914350e-02 -5.198066940970869770e-02 -1.423939267345898825e-02 1.922655256557342235e-02 -3.542439417670982527e-02 -3.832289396439972351e-02 -5.085386136017900488e-02 4.910153228469040648e-02 -2.379863989977423788e-04 -4.184999391291626542e-02 2.911947316500048538e-02 -2.035328675772853091e-02 -1.307148293949721846e-02 -4.866172740840957883e-02 3.687913168528845348e-02 3.278095379314210217e-02 3.505414666381271444e-02 5.082809940032619739e-02 -4.810344828866353756e-02 5.856599454629250745e-02 9.858485957551967049e-02 2.404601943367618705e-02 -4.420076120434482392e-02 5.282765338772435482e-02 3.133933516705851574e-02 4.112346638150977257e-02 4.500157759832972698e-02 -4.050844406292354594e-02 -5.175344907509763642e-02 4.691470462279188902e-02 3.019641113162188986e-02 -5.110523347531075594e-02 -5.144911990021996950e-02 -6.093677012258391819e-03 -1.014161581480717104e-02 4.064498485569441322e-02 5.787844649918254952e-02 5.512587461503309916e-02 -3.131397355558640516e-02 4.313441937831478251e-02 6.580427574660965839e-02 -5.472926485478652597e-02 -8.618957653162921673e-02 -3.206682102278194529e-02 -4.965672951740333907e-02 8.577074152393061868e-02 -2.970311475402106702e-02 -2.948298013511200036e-02 -2.408783205780959391e-02 -4.098072315695392570e-02 -5.517593039103579206e-02 4.398771245729138357e-02 -3.390084231346100763e-02 1.564227333843532311e-02 -4.533139628057196446e-02 -8.188281890855542144e-02 -4.875516144579555844e-02 3.872166333930739807e-02
9.416359751333278072e-02 -8.945322156056630114e-02 4.314345413821128045e-02 9.514210826942576249e-02 2.670479519827264475e-02 -1.265689804072059332e-01 -4.568934051186165218e-02 2.023050501143683691e-02 -6.281593027035645670e-03 -9.531722448837302852e-02 -7.979150762163740584e-02 5.960735205725100488e-02 -1.203216914114445257e-01 1.408143186114770573e-01 -1.096631927425871372e-01 -4.052234535310492158e-03 -1.064671914354497484e-01 -1.844459893660415533e-03 -9.437858827264911099e-02 -1.096781523375973261e-01 1.016115761360702752e-01 -8.965532288281614914e-02 9.014068353358370422e-02 -2.755572268021465668e-02 -6.570098123320003425e-02 -8.785061269613765600e-02 8.660139745881843820e-02 -2.137326968899522575e-02 -1.425411466616527956e-01 -9.243328795076266591e-02 -7.372343454495070003e-02 -7.604065076344274088e-02 -1.141926232005461977e-01 -4.276188919491669127e-02 8.264175631687957491e-02 -8.663933496771379639e-03 6.359191760589705256e-02 -2.035369042038669488e-02 1.194930331272487517e-01 -1.415149823251916628e-01 1.620791551537470454e-02 -8.256559943083431607e-02 7.607831235202147657e-02 -1.448150282238530873e-01 -1.064637695351337426e-01 1.393727711277464310e-01 6.813211684147929548e-02 1.228522419640783701e-02 -1.095739012589511119e-01 -1.327034813733887764e-02 -3.915727013544910776e-03 1.469441776863369964e-01 9.167516119332146107e-02 -1.007430150205041314e-01 -9.381252310587998022e-02 1.390300202345976822e-02 -5.107768423291509513e-02 1.206003716085752436e-02 1.039938522698098493e-02 -1.280734415498338552e-01 6.077793330416921685e-02 -9.540735203579968349e-02 4.593958648050448790e-03 1.442632334225280866e-01 -1.068943529409157739e-01 9.302591169576991670e-02 8.441017177099725821e-02 6.145338042236790643e-03 -3.260444572312373637e-03 2.744673942175567330e-02 -5.540270142984977247e-02 -1.028434656377642253e-01 -6.282923772629027750e-03 4.344459865328372493e-03 -1.083059642156727204e-01 -1.129651164177791350e-01 -4.888707068638228209e-02 9.634866098054296890e-02 5.909155677527103134e-03 -1.191361076884294989e-01 8.268806262229518034e-02 -4.437389803245658099e-02 2.607592426384026333e-03 -5.283380882146100632e-02 5.928799806844171211e-02 9.681862331142487843e-02 5.783557955238226300e-02 7.828190669204958263e-02 -5.046615841342602660e-02 1.211232637532146938e-01 1.757523246204611145e-01 1.837203113827206441e-02 -9.543595305624981429e-02 9.430530435839931669e-02 8.288645064447285049e-02 1.122786305446314276e-01 6.268147747854546648e-02 -6.937389665826246277e-02 -9.398154392788898859e-02 7.978050715444730268e-02 5.391556983234971345e-02 -1.030110964354957470e-01 -1.022945774599147706e-01 -7.646663896964663726e-03 8.156704133747551960e-03 1.096532859550616162e-01 1.182309633222560219e-01 9.919269961646572098e-02 -4.356199198572868747e-02 1.168722875423300750e-01 1.130578213339841487e-01 -9.677318028544076856e-02 -1.519756819281843641e-01 -9.209142923571665695e-02 -9.001879822719982549e-02 1.446512183668041684e-01 -9.752474840262941036e-02 -8.159512323441156512e-02 -1.844114634444207410e-02 -9.109180407611458530e-02 -1.078799187633671386e-01 9.546459691623590538e-02 -7.851281284741756794e-02 -9.304157503956642008e-04 -1.274969922538866651e-01 -1.371175012851615360e-01 -1.033466069141304733e-01 7.483495141611151702e-02
3.404628360447877616e-02 -1.211668498644818265e-02 -2.395204918054024464e-03 2.670479519827264475e-02 6.168402128044856575e-02 -7.116929374218501636e-02 -4.957667089563708683e-03 -9.154669770962979916e-03 -3.737483138888687134e-02 -1.537621927148592055e-02 -1.364779245032971683e-02 5.416163986818775013e-03 -6.930154767040148933e-02 3.895405728074310264e-02 -2.532628575849605115e-02 4.412967440456414675e-02 -3.726817050045853202e-02 -4.213753826326718105e-02 -1.355640677034392928e-03 -6.182351780262711899e-02 3.954778444289507033e-02 -7.030355173733543461e-03 1.331967960284688966e-02 3.171347022201238385e-03 -3.051908056317037543e-02 -2.390989612050568522e-02 9.856410946723693708e-03 2.602725414013915689e-02 -5.700099567147268176e-02 -1.000462197606370209e-02 -2.662396248994809700e-02 -4.247495293128670385e-02 -6.462490204392923321e-02 7.496508522832207901e-03 2.684595485986055255e-02 -4.195876402212089795e-02 3.262396328569967807e-02 1.550448643641446148e-02 2.585129760083023850e-02 -5.808962099024433251e-02 9.872534502804789208e-04 -6.627463905846698970e-03 2.186640686949388804e-02 -5.862405151832279088e-02 -5.849633105443782094e-02 5.667874588044925777e-02 2.436209879956051372e-02 -1.540660328857453541e-03 -6.281741499393628247e-02 -8.674510560462790620e-03 2.258846600839468227e-02 5.906607296436319765e-02 1.828074825293886027e-02 -2.391970176063409545e-02 -3.079364558609201663e-02 2.937479279739521262e-02 -6.698156943003054364e-03 -5.369937752234772710e-03 4.099048509654936584e-02 -2.834214910928122694e-02 1.122274638844213655e-02 -1.766045870759048314e-02 -1.555894524062260281e-02 6.027080959156119050e-02 -5.040260732688452844e-02 5.481999689379687957e-02 5.214329770279748505e-02 -4.462654160028487610e-02 4.229817766393260460e-04 1.063953711982898800e-02 -1.899352091435933809e-02 -1.747011362635376291e-02 4.304773513175970401e-02 -4.315902889944599891e-02 -6.566060952175488408e-02 -6.194780277054451334e-02 2.797778057445742504e-03 3.714823134502140412e-02 3.943549505279630822e-03 -6.767273705430397468e-02 4.889593105280210655e-02 2.141803932516035593e-03 4.815742879058224069e-02 1.075320391979066662e-02 6.813745939413695663e-03 5.586217050302631076e-02 1.822733960343408260e-02 2.247785599896938782e-02 1.712383370722136630e-02 3.365277667176506948e-02 5.756062314687798026e-02 -8.422444352148915347e-03 -3.093338880943018177e-02 1.535232582612212036e-02 4.844989061591294804e-02 8.202282908898271552e-02 1.779236554896559616e-02 -3.473482108100525712e-02 -3.973963856439748088e-02 3.153992589827314674e-02 1.187520668813367951e-02 -1.982085674217598861e-02 -2.405726305871846646e-02 2.531230202414521107e-03 4.170654615359292022e-02 8.100046810541083886e-02 4.511894353788017259e-02 3.261251296530780913e-02 -1.140588842757216635e-02 8.749748125951170574e-02 1.222644638353310130e-02 -2.901736388846983331e-02 -5.121034435696499021e-02 -5.084016968077283150e-02 -3.898823982526553045e-02 5.884411325832256817e-02 -5.947080977192321233e-02 -3.855106692541476060e-02 1.087141681971661583e-02 -2.212395538260737704e-02 -2.839458198774279934e-02 2.492057295448547177e-02 -2.149754845070549203e-02 -3.586309441327881209e-02 -7.242514119408087481e-02 -3.132893814865467252e-02 -5.854963248581632890e-02 7.683789044103225309e-03
-1.467404832046799168e-01 1.582798266650774777e-01 -4.486036343426691442e-02 -1.265689804072059332e-01 -7.116929374218501636e-02 2.382404479635712724e-01 8.208064386660669787e-02 -3.817166001381925439e-02 3.163397054112020851e-02 1.350833896560449943e-01 1.319045449988277829e-01 -1.053621356221984828e-01 2.260706172728157437e-01 -2.044861103193725271e-01 1.719883428139201420e-01 -3.018972628472028213e-02 1.452819716480902301e-01 2.057151165612882554e-02 1.331284052497405668e-01 2.079825431506443223e-01 -1.551062849791718101e-01 1.428405197037100893e-01 -1.423199578510971619e-01 3.117590710803089249e-02 1.298581741147691870e-01 1.178940768180035403e-01 -1.359554702006081917e-01 -1.655478117153984154e-03 2.284572999539249971e-01 1.384053520687390237e-01 1.340756493397374516e-01 1.472565179110534028e-01 2.149183447256085011e-01 4.210633232073211774e-02 -1.421075558552353790e-01 4.250621910283609167e-02 -1.354072197113710407e-01 -3.827206509855433578e-03 -1.762734011571380210e-01 2.275124538740150026e-01 -3.157162387189432068e-02 1.258806194082691399e-01 -1.281709561975702127e-01 2.316870707841553190e-01 1.854659068262858590e-01 -2.257995394977199977e-01 -1.189100651043591139e-01 -1.051533578362708575e-02 2.061629448692990918e-01 5.369530832659599739e-02 -1.374300615321978093e-02 -2.381461529527839904e-01 -1.395056436447273951e-01 1.344789576366981487e-01 1.514017152136172273e-01 -1.061418338589172061e-02 1.024410074774590035e-01 8.007814571955245569e-03 -4.105935413724516592e-02 1.905723065154459883e-01 -1.136496585006314675e-01 1.499218158269583212e-01 -1.351696200109582004e-02 -2.343892312347908291e-01 1.833622755498430512e-01 -1.775498735664026440e-01 -1.638224713905942209e-01 2.825967299750171621e-02 -9.786334301488891843e-04 -7.339818459038530141e-02 1.223738879542896341e-01 1.483730993118943242e-01 -2.867694848176918429e-02 2.940117957920256042e-02 2.058663412298419038e-01 2.112338463234420538e-01 4.907243364636846433e-02 -1.685149498226234388e-01 -1.605436505243444320e-02 2.255128877242659202e-01 -1.577178079012379053e-01 8.280548133231308006e-02 -2.560478520626189441e-02 4.486799476842020379e-02 -1.091444807359922414e-01 -1.774481591175317008e-01 -1.269205432998601613e-01 -1.216857643944304207e-01 3.628465466522352162e-02 -1.717927059098858789e-01 -2.850876549486696110e-01 -5.428810027939498864e-03 1.302297747868338962e-01 -1.353827991553687160e-01 -1.570513532150130676e-01 -2.156712130594171384e-01 -1.031765696953868411e-01 1.187568788007545562e-01 1.836391517277519148e-01 -1.205173222387504878e-01 -9.191597843472992801e-02 1.497354408586682728e-01 1.606715242862033766e-01 -1.639124900122336092e-03 -4.031243036124041584e-02 -2.123600546986104953e-01 -1.866491520776319413e-01 -1.547433994806637625e-01 9.536444436544570802e-02 -2.268178820347973024e-01 -1.630786781916416794e-01 1.713399128470167454e-01 2.466773416558265264e-01 1.633765612873377682e-01 1.776161643786101363e-01 -2.344156981506049231e-01 1.884937260569650441e-01 1.541089096082542131e-01 -6.403604486895752256e-03 1.172333650209277239e-01 1.657303771782278057e-01 -1.659198739854370608e-01 9.720637334942232310e-02 2.536698995597654743e-02 2.424551749743965035e-01 2.062958725008883221e-01 1.788591338650127593e-01 -1.024440974121877540e-01
-4.937451489169503160e-02 7.637368522974732898e-02 -2.661004073759478533e-02 -4.568934051186165218e-02 -4.957667089563708683e-03 8.208064386660669787e-02 6.116162229606197237e-02 -4.069133209428096865e-02 3.549345842961764818e-03 4.199785960293825338e-02 6.925821541772016199e-02 -5.710187870601880766e-02 7.533133063919350558e-02 -9.403621361020492175e-02 6.066524706912983234e-02 1.464391690837397314e-02 5.132819475980041762e-02 -1.345721712180790106e-02 8.068509389743662441e-02 6.854127599482205679e-02 -4.508041416825630393e-02 6.776028696387573214e-02 -7.508856962975926641e-02 1.429788853394755276e-02 5.700814896739401366e-02 5.071287158128599121e-02 -6.143344179607084649e-02 3.569086457098571280e-02 9.303736220144395719e-02 7.168720228543819240e-02 3.692411602519557468e-02 5.197739861468381184e-02 7.258747289524623836e-02 2.415518805249160586e-02 -3.731160412167218443e-02 1.288546473704360422e-02 -6.938910100741257914e-02 9.405207845608415385e-03 -9.736800710740328713e-02 9.135363843688998342e-02 -3.713613410230350020e-02 5.926660017636296157e-02 -3.148382641747892591e-02 9.453818706234003166e-02 7.463096649379882819e-02 -9.235501461604161966e-02 -4.289694246263432015e-02 -1.488795759312263028e-03 6.868000379698070701e-02 2.668401210003781485e-02 -1.334414306846392175e-03 -9.799812118796806526e-02 -5.368589109486066047e-02 4.702822782469683049e-02 7.466062999300052128e-02 1.087977960057071557e-02 4.707877287821790602e-02 -1.316878082285916421e-02 -1.354261275686108150e-02 1.033455157144553688e-01 -5.734141825683313626e-02 7.070175563402901486e-02 -2.996743886291581421e-02 -9.483203237785786666e-02 7.012615918521743208e-02 -6.112319556869166837e-02 -5.357279949521056434e-02 -2.348629181475640412e-02 -5.717900754877149007e-04 -3.470588114363227367e-02 5.893301908292750829e-02 4.629446872764121645e-02 1.535505137163542186e-02 -2.186979016993963881e-02 6.656630906720220620e-02 7.324215066100497884e-02 3.216348565060832276e-02 -4.886606807153495019e-02 -4.929445427369516693e-03 7.582352599240693714e-02 -5.566325836568738333e-02 5.760811768292919272e-02 8.930563510769946173e-03 3.753991260590786722e-02 -5.169258544036477165e-02 -5.227101398314055319e-02 -6.029633244417289401e-02 -4.692422886843920782e-02 3.684329165813904350e-02 -6.527959166150483494e-02 -1.124154857456186735e-01 -1.799299011578528581e-03 4.198327301635221276e-02 -6.518658807288725543e-02 -5.473226638204507777e-02 -6.947282590594500151e-02 -3.515212560486231236e-02 2.826790196317241488e-02 8.919865766076212621e-02 -4.062738335832396380e-02 -1.863681534285662258e-02 4.599211515722740479e-02 5.417960829587956800e-02 2.070006828104419341e-03 -1.151416680977187211e-02 -6.904092432069976193e-02 -5.991636718023479746e-02 -5.299077344151371244e-02 4.479930767198316705e-02 -7.266939790860735271e-02 -9.031954118926788233e-02 9.241996147392464445e-02 9.406982942469875597e-02 7.269224226370307740e-02 8.692884279113269330e-02 -9.520947432491368156e-02 6.110759052615498399e-02 5.179978184547084225e-02 5.448443919097671964e-03 3.932389432382703970e-02 5.767035896170460973e-02 -5.456559353737920615e-02 3.230599178272068606e-02 7.880003956754786515e-03 8.053976382628777464e-02 1.085087881396660653e-01 5.753704772249586263e-02 -3.007938788603550101e-02
1.812024380485786901e-02 -4.837217132644695133e-02 8.737265477770643496e-03 2.023050501143683691e-02 -9.154669770962979916e-03 -3.817166001381925439e-02 -4.069133209428096865e-02 3.447854649263169119e-02 5.563830869344769427e-03 -1.779257749260344107e-02 -3.463714034303604083e-02 2.982674017387467943e-02 -3.393514627244876430e-02 4.229868051979567001e-02 -3.048544499900517762e-02 -1.717778323559773432e-02 -1.565109628249458651e-02 1.912548210253313744e-02 -4.937360195157332321e-02 -3.216498523500972706e-02 1.300008135242266410e-02 -4.105201068189065494e-02 3.780028197261198208e-02 -1.005803308412252933e-02 -3.162630317731729424e-02 -1.789143393365027687e-02 3.674844568468186440e-02 -2.497085067205577144e-02 -3.304544158864537728e-02 -3.956148742740906582e-02 -1.427086413842081590e-02 -2.470423727530641697e-02 -3.388054284244901987e-02 -8.786552822045674144e-03 1.050640116249362301e-02 -2.735350597453437525e-03 3.561001666771559243e-02 -3.199155602665037200e-03 4.911798915513818087e-02 -3.157937977661110646e-02 2.709363812939646551e-02 -3.542861505034923530e-02 8.043875476537220084e-03 -3.332895082826934502e-02 -3.590816483932087605e-02 3.403499974177357640e-02 1.137299193746471072e-02 5.299767363695199324e-03 -3.134755525898121759e-02 -1.836200503542713067e-02 1.921613964273508014e-03 3.679439998263180078e-02 2.792946646193250615e-02 -1.932759692640336965e-02 -3.156662507405162688e-02 -1.611615868954489189e-02 -2.615698452828246062e-02 8.454489302079268645e-03 2.524135836282199140e-03 -5.255582606128592765e-02 2.839320674681000342e-02 -4.033029610179186125e-02 3.004416989268600749e-02 3.427514440559215059e-02 -3.665372593374403160e-02 2.743737426419104106e-02 2.368574047140633437e-02 2.494751155881980501e-02 3.986439620274764319e-03 1.895632586417533502e-02 -3.114368936274189079e-02 -1.923469307802681480e-02 -1.717819749560567377e-02 2.384050268219683327e-02 -2.944572513600329094e-02 -3.435104368678424530e-02 -1.215467141869972303e-02 1.848565654991606022e-02 5.570106176235738692e-03 -3.462968856077965757e-02 2.559857246335324812e-02 -4.310036367189981621e-02 -1.445726652503666505e-02 -1.988936688163269254e-02 2.842244589146344230e-02 1.879899079890172409e-02 3.232324606609440765e-02 1.874064422420759074e-02 -2.128945714482588167e-02 3.023975388012305199e-02 4.792442783953512753e-02 -5.499151862332296581e-03 -1.659928877041078402e-02 3.228005031867959423e-02 2.413200365773288808e-02 2.450278404648927044e-02 7.223161397171392641e-03 -4.411789892180399165e-04 -4.537626371065485442e-02 7.886796641225123083e-03 2.956673283456041565e-03 -1.924288324723182411e-02 -2.722849769122214283e-02 -2.065004438094156496e-03 1.252968072657114837e-03 2.440529533551806171e-02 2.256729871481938723e-02 1.648711156114100046e-02 -2.124111820726359845e-02 2.512405434460490000e-02 5.145856235398108686e-02 -5.009943654229616350e-02 -3.802922348302668204e-02 -3.775751181403423640e-02 -4.413657422359835297e-02 3.515341182449820134e-02 -2.777972966248701617e-02 -2.610734896326271856e-02 1.142581960463715440e-03 -1.533905928383258802e-02 -2.680762924304374087e-02 2.631879618251697917e-02 -1.281771246604812911e-02 -1.612669338454725786e-03 -3.700225582244907885e-02 -5.432996207255599147e-02 -1.642631995878988602e-02 1.205638005074182069e-02
1.071305725708434492e-02 -1.280865857585516097e-02 1.216951777250286845e-02 -6.281593027035645670e-03 -3.737483138888687134e-02 3.163397054112020851e-02 3.549345842961764818e-03 5.563830869344769427e-03 4.831668025073388578e-02 -1.251066770745616792e-02 -8.181825929633587333e-03 2.401480786194166300e-03 3.159110377189093544e-02 -2.987834656761861017e-03 -2.419861147094628379e-02 -1.851780451220878115e-02 1.850775580507175305e-02 4.375992734968525699e-02 -6.631129762843194358e-03 2.999515146636372309e-02 -2.053302819184306752e-02 -2.038867547808258240e-02 1.334738756877754812e-02 1.528402883820018793e-03 5.228958414859109435e-03 1.361155802331541140e-02 1.525998194406007029e-02 -1.384220445713076411e-02 1.872165021544965058e-02 1.073041286032588339e-02 -1.864101894143023463e-02 3.939042567183009998e-03 3.101201299338512962e-02 -1.769528171584445336e-02 2.670915898751238522e-04 4.048810355202169670e-02 -2.081614951368463209e-02 -8.596020824649748884e-03 -9.809757093429937944e-03 2.111528110059970528e-02 -3.298718904563909416e-03 -1.664855246494592253e-02 3.255428354852020045e-03 2.057747465440797063e-02 2.653414671554090581e-02 -2.114200771307249774e-02 -3.023621774306121598e-03 1.116767382308043576e-03 3.022634819883617333e-02 1.534701260647055232e-03 -2.923781971271441002e-02 -2.075844476390557511e-02 1.349011211463726698e-02 1.018618250456362548e-02 1.690205728139168584e-02 -2.313765924387452266e-02 -1.006682388006970540e-02 5.403990101741466823e-03 -4.216425719271667261e-02 9.986314527645912681e-03 -1.256745582802007476e-03 1.631358146702856574e-02 7.480340666978954958e-03 -2.283361967897093447e-02 1.675897670032058112e-02 -6.446114850063838081e-03 -5.620594296296689898e-03 2.701610763575757954e-02 1.466628161681571285e-02 1.083779598974432762e-03 -1.010168539102833428e-03 -1.486843767089971249e-02 -1.157622093408457696e-02 2.611542961577610275e-02 3.225631857540155190e-02 3.277429939358723898e-02 -1.262713918224852433e-02 7.148557105735645761e-03 1.469892708572638138e-02 3.060164767530263244e-02 -9.064703122822030668e-03 -3.474273353892323810e-03 -3.501864590018071571e-02 -2.015439298172194346e-02 8.328535469178539527e-03 -3.390744817000127670e-02 -1.505546139272813085e-03 2.018542432977200526e-02 -2.393689178353436073e-02 -4.724904181206667116e-03 -1.199507831504508133e-02 -2.348596699345473996e-03 3.537614065915749544e-03 -6.175977546307302377e-03 -6.592729334555687271e-03 -4.282498590463621607e-02 1.666282737474088574e-03 7.203397283491791946e-03 1.863023156345159498e-02 -2.078437079451914138e-02 8.237975261967418056e-03 -1.547446796432870413e-02 -2.374638498812087217e-02 -1.276100060123032572e-02 -4.303955523536869693e-02 -4.213364194214302277e-02 -1.172139687208137437e-02 -1.536122936830553593e-02 2.151378752752227536e-03 -4.465172407933801213e-02 2.924709631194588079e-03 1.505857759159194044e-02 9.138280326966169778e-03 2.854689498862920949e-02 2.005729160720209209e-02 -2.069885993309606917e-02 3.097187015065771057e-02 -2.654833797202794336e-03 -6.084717259145680512e-03 1.000680729824554756e-02 -1.709461523124034335e-02 5.823191972984071915e-03 6.158628349382218661e-03 4.044223987963158767e-02 2.887591616916872911e-02 9.500965868179027038e-03 3.601231200008068317e-02 1.470289811866758861e-02
-1.129522654933646508e-01 1.083484897311856460e-01 -4.657592289120297130e-02 -9.531722448837302852e-02 -1.537621927148592055e-02 1.350833896560449943e-01 4.199785960293825338e-02 -1.779257749260344107e-02 -1.251066770745616792e-02 1.189130603472320913e-01 9.330933690751057330e-02 -7.503401667728185065e-02 1.280068488595709209e-01 -1.471732602398746759e-01 1.376460768329561268e-01 1.546553196507572140e-03 1.078655963249604138e-01 -1.080773614642616988e-02 9.544541507073918407e-02 1.177547657456647218e-01 -1.085401699332373959e-01 1.085302755602559066e-01 -1.048741878529920041e-01 2.956179300596974494e-02 7.596027589146540915e-02 8.912063090023523981e-02 -1.016793463242417206e-01 9.453767331961644010e-03 1.505757826434286073e-01 9.583673757232913371e-02 1.024245517881257755e-01 9.175867812135599100e-02 1.211900834404357474e-01 4.946664726806842410e-02 -1.090950249483079310e-01 -1.212387147244273558e-02 -6.519960151848581964e-02 1.923842151757206714e-02 -1.158709037506529260e-01 1.486370437371807574e-01 -8.639506706435814282e-03 9.704868796008392362e-02 -1.027419102635830916e-01 1.515324985963189264e-01 1.043242593049018563e-01 -1.458026661257250944e-01 -8.763402088441100968e-02 -1.273805475493189170e-02 1.160455056361068826e-01 2.280984729739161249e-02 2.146758486109500569e-02 -1.539684394302451298e-01 -1.076192162180074074e-01 1.051186029335362537e-01 9.281291460385139580e-02 5.189783201739190787e-04 6.989883284284612031e-02 -2.776170180342263805e-03 1.261847000694244457e-02 1.257816262566077981e-01 -7.724531827611451351e-02 9.789898427192371411e-02 -2.010569053209866012e-03 -1.505331388849320551e-01 1.111466920390090374e-01 -1.103721183857244575e-01 -1.020775272843302134e-01 2.301377327416041232e-04 -5.000425514238848734e-03 -3.990769015489586957e-02 7.238497544417928087e-02 1.298997961214788943e-01 6.152141569005388890e-04 1.916054819799685970e-03 1.142951902260175984e-01 1.188167383710955205e-01 4.977523516323219960e-02 -1.214455422757006187e-01 -1.646487602344956155e-02 1.282305524843859179e-01 -9.637354367328709870e-02 4.642489508914631607e-02 1.359879208460388310e-02 5.376176427283305831e-02 -7.513098107361432243e-02 -1.048783214310570200e-01 -7.458009604401076575e-02 -9.922182199226596555e-02 5.129704536150698352e-02 -1.261510017444708864e-01 -1.941753697189392835e-01 -1.947171060938884465e-02 9.911445852552265567e-02 -9.837929674998539820e-02 -9.820618407535211536e-02 -1.134104257771295088e-01 -8.302777552232554203e-02 8.738687186062689405e-02 1.005681813229920424e-01 -8.472880038482102916e-02 -7.978108466483344041e-02 1.297851110014667797e-01 1.296537590068127244e-01 5.432501071736184871e-03 1.413002905950117537e-02 -1.107198728870908838e-01 -1.282092642877016575e-01 -1.108955985431912955e-01 6.033326924338929670e-02 -1.183634710320111139e-01 -1.148474504472853236e-01 9.878869439887565107e-02 1.703840019609004219e-01 8.446412011399588582e-02 9.549234481366747351e-02 -1.519872243576382564e-01 1.034415998050115804e-01 1.027666304553336296e-01 1.642978515172601947e-02 9.290406457245517502e-02 1.308219108420781429e-01 -1.249266928635355545e-01 7.709327664255388735e-02 -2.248365891025920146e-02 1.395088761691603563e-01 1.375115304582347764e-01 1.075506270713283419e-01 -9.683853817768695027e-02
-1.120287398533995338e-01 1.238986481695977387e-01 -5.415447312300716159e-02 -7.979150762163740584e-02 -1.364779245032971683e-02 1.319045449988277829e-01 6.925821541772016199e-02 -3.463714034303604083e-02 -8.181825929633587333e-03 9.330933690751057330e-02 1.279155876914968848e-01 -9.086844729159930523e-02 1.224378814418204259e-01 -1.609981634895601144e-01 1.286674373586854381e-01 3.250761362619211583e-03 9.132002467637241605e-02 -2.586506592562905563e-02 1.197245319697470001e-01 1.106840271486976557e-01 -8.722205438306772363e-02 1.218144725433173564e-01 -1.392372163886949343e-01 7.624260434491575422e-03 9.038102399796567321e-02 8.223237180207082497e-02 -1.113342069635650106e-01 3.872181587017631266e-02 1.770187947093616043e-01 1.014363773663692764e-01 9.823372422559732697e-02 9.359925409132287266e-02 1.170139456517559351e-01 5.272342840480566395e-02 -9.180456494276466317e-02 8.930161005691437601e-03 -1.002912933822130148e-01 7.455821237677772925e-03 -1.530369565205786930e-01 1.734729716352488571e-01 -3.028457681857579450e-02 1.099137918023435773e-01 -8.422928482099815983e-02 1.790064019840983123e-01 1.095652205589239259e-01 -1.709100174268079197e-01 -9.595305655896931019e-02 1.685813745310130868e-02 1.116360420969699369e-01 3.126594551590385768e-02 1.114142826181786609e-02 -1.811593617923848432e-01 -1.084020049362001414e-01 8.120767784302612702e-02 1.303842120373409075e-01 8.416780047383127378e-03 9.298942094793831437e-02 -8.076241555607623773e-03 -7.668476602364543253e-03 1.623733570777401436e-01 -9.499429938147893604e-02 9.537932987318951950e-02 -1.607208554892308044e-02 -1.750064414173417293e-01 1.057732221708821974e-01 -1.118535481796307934e-01 -9.995421180794621108e-02 -2.048887201548465001e-02 2.963051666201791615e-03 -6.709839215578905502e-02 1.027993997993139064e-01 1.042380623169528869e-01 1.798395856314700513e-03 -1.780346928851443342e-02 1.081760877195381276e-01 1.152446861510624670e-01 6.005974051042931722e-02 -1.160454932199273953e-01 -8.511072090569974866e-03 1.254118336949958668e-01 -9.738757291852914721e-02 6.488621029996512191e-02 1.288277482987510922e-02 6.066323094601051152e-02 -9.882498778670611994e-02 -8.511268220934507800e-02 -1.037845019913990752e-01 -1.065181082169711912e-01 5.626783099036431618e-02 -1.139722768752826770e-01 -2.072802326792303473e-01 -6.425822950113803042e-03 7.800908387141269884e-02 -1.038581758847848535e-01 -9.852911125351411503e-02 -1.152310563254723419e-01 -8.568975525275515648e-02 7.898044439176431231e-02 1.388025376335535188e-01 -8.079214211378926702e-02 -6.092826562312077948e-02 1.033805613822957326e-01 1.176806578112345181e-01 1.743957390583732864e-02 -4.979012714631214122e-03 -1.145722137251915518e-01 -1.192928512722082612e-01 -1.050894548307255150e-01 7.795941017804547402e-02 -1.218754561861198626e-01 -1.412533602405413313e-01 1.338763487613814085e-01 1.820008590863240461e-01 9.763445963811379080e-02 1.326027491508567913e-01 -1.772744002037776323e-01 9.842140147391553739e-02 9.696815448180584607e-02 5.001475756625165317e-03 6.898982341420649422e-02 1.231368186150271493e-01 -1.051043646848167645e-01 5.838784240083431942e-02 -3.920059999079512740e-03 1.341141729911399794e-01 1.744494318211907147e-01 9.655178213783910390e-02 -7.269766419702285154e-02
7.688070580270092713e-02 -9.219144873902988813e-02 4.001468216399706873e-02 5.960735205725100488e-02 5.416163986818775013e-03 -1.053621356221984828e-01 -5.710187870601880766e-02 2.982674017387467943e-02 2.401480786194166300e-03 -7.503401667728185065e-02 -9.086844729159930523e-02 8.068758851223316320e-02 -9.753536069157076049e-02 1.233059241285742458e-01 -9.194093377466670824e-02 -1.112734440920337339e-02 -7.625434848295793711e-02 1.234643294144267128e-02 -8.904022313377545073e-02 -8.852236071009637886e-02 7.399619192336769069e-02 -8.637710467514921053e-02 9.952081274713810155e-02 -1.814079253203929737e-02 -6.795316670216186572e-02 -7.372050692605915112e-02 7.749971732702828908e-02 -2.609360974152147988e-02 -1.316561981082894628e-01 -8.969233569386783622e-02 -6.741626935510397489e-02 -7.041325287632663188e-02 -9.231913432715875556e-02 -3.857318006802128163e-02 7.612226781884967597e-02 1.343266094813130515e-03 8.040853794377667008e-02 -1.640112834434807529e-02 1.138583344764507177e-01 -1.301079287692996911e-01 2.693322685302499547e-02 -7.472416694663178149e-02 6.893979262012632503e-02 -1.329417083277167344e-01 -8.532955373908321373e-02 1.289413186363344010e-01 7.896245319037738242e-02 -1.168010696742677367e-03 -8.805541486967899401e-02 -3.132062430381336859e-02 -1.496546988717248859e-02 1.355402494982898831e-01 7.425993705544962908e-02 -6.942436841184375373e-02 -9.494068415458412069e-02 -1.196527143804006384e-02 -6.662003200150663773e-02 5.445756589218974340e-03 -7.359049767138214817e-04 -1.208238850746416043e-01 8.298211815114495127e-02 -8.475292886773365397e-02 1.632843435391543446e-02 1.327929519481093057e-01 -8.290901233825917482e-02 8.399005781963150841e-02 7.539810891047843411e-02 1.072346196476200997e-02 -1.803597686197924103e-03 4.760798358930935781e-02 -7.812608858142945645e-02 -8.368955915283406155e-02 -1.076958557809861577e-02 9.115962561595122859e-03 -8.621643202200507394e-02 -9.276655770010433510e-02 -4.399388397365710385e-02 8.186326765056838040e-02 5.660625497377517502e-03 -9.830716487433856232e-02 7.445341953386144795e-02 -5.349312381259352378e-02 -1.642010839228262575e-02 -4.498193599197933962e-02 7.065882398978234891e-02 7.855976308859860535e-02 8.062838782830834827e-02 7.377192893918912975e-02 -4.334398304804441132e-02 8.597451175350918906e-02 1.597784207344896124e-01 1.543159835896830943e-02 -5.938461123559767713e-02 8.680657349380800636e-02 7.606607186032715573e-02 9.054530570880381379e-02 7.139793008615480385e-02 -6.285970262234115424e-02 -1.078250789093604944e-01 7.082914196189679656e-02 5.144423063704599286e-02 -8.237821646205392701e-02 -8.393734494375347521e-02 2.724507798858227109e-03 -2.275976092972098203e-03 8.968275259111595232e-02 8.794105846417930861e-02 8.886322474388785864e-02 -6.821941893376162747e-02 9.521826176307646161e-02 1.040928026506726251e-01 -1.059915468798468541e-01 -1.378063492162375225e-01 -7.585477132275188217e-02 -1.050812316386991740e-01 1.330713412268899609e-01 -7.838971534833842625e-02 -7.393696894591915425e-02 -1.274676131641602414e-02 -5.810219733790283891e-02 -8.677298247474565795e-02 9.068998016757900960e-02 -4.376474074276326398e-02 9.974189997695592433e-03 -1.061988958071040934e-01 -1.301396513653133857e-01 -8.618130219727590524e-02 5.895898751799229925e-02
